0.009428250216735998
0.03543915357490732
0.055570172973080825
0.1005129779280177
0.13987705009375612
0.1490421790252732
0.1371137325969375
0.17560840124276095
0.16961051149958017
0.21036566031766557
0.2442949347276384
0.2587298164913995
0.1968498627264755
0.24412939404225306
0.22144840516047506
0.2055021264611197
0.2899809795604864
0.22499143667393193
0.2601828186948919
0.2768586499090583
0.2415045577952367
0.2439196656821762
0.30639859120849944
0.2959870721134248
0.25969651819455974
0.2929930793246538
0.29238184455738114
0.3061551960322605
0.2700355273503923
0.2973100575903287
0.3444796727976872
0.29457188052946714
0.30513517617304975
0.3234626681709613
0.2737799845464529
0.30246951717440707
0.29432114827608535
0.3379338230031942
0.2844057055205721
0.3299636616756095
0.3014560222675752
0.32181307347918
0.31917794493175783
0.410031600223573
0.3328488310964397
0.35939313875625334
0.26032193377877416
0.37621669579324357
0.38786644162378553
0.3580158572490746
0.2916376367833273
0.36288070879255613
0.3126701380655493
0.30882662532155103
0.3119283560018108
0.29541740755276397
0.2982939539573569
0.3500319190388437
0.37999724761513004
0.38706665929224554
0.27656092166351876
0.4003091862693733
0.294803601806037
0.3799785895718075
0.32986956041458987
0.3926907733964833
0.2960782410833206
0.3532132598052083
0.25657190461073687
0.38931551348652305
0.3732747160698565
0.37871987803976376
0.37063642961093285
0.3778491382904961
0.304093410887865
0.32205200453341437
0.35545696432943674
0.37620401278925664
0.3792902491978075
0.35689091964008934
0.28429385027706616
0.27265676742040856
0.3672127174812495
0.3809997845520514
0.29887551645301236
0.31545792257313277
0.36192553586503323
0.29709381424245973
0.3057628763482426
0.39294189788385125
0.35466969002263227
0.3898508287705301
0.30992174684869384
0.38739132893926964
0.27805323414372635
0.39229093601633747
0.38237282391863303
0.35043418726745634
0.39209151207939014
0.3932094336902473
