0.004770410297326907
0.0577035369579323
0.052738268758951504
0.09523833258466957
0.13561424264313215
0.15823237230956097
0.18127703346955143
0.1558461458789362
0.18051507568147893
0.21367473701474504
0.18333821483397375
0.24326677444537712
0.236933981654665
0.1729299772424442
0.24967256198914756
0.18329149603626024
0.20207782380730693
0.23298364687902912
0.2918387596401417
0.2786823205605159
0.28163391706220586
0.2678825887891688
0.2704165875727111
0.29053299531467536
0.236091204398896
0.27027063367074766
0.2826061147629728
0.2956102903842981
0.28797840146229514
0.28412406694229597
0.3337255707612441
0.2735960711066233
0.2794928888814676
0.23716471789681734
0.25886608894067853
0.2787998085779182
0.31555632870853695
0.25095252347536967
0.2928769502179511
0.3350642862406318
0.28381647943280675
0.3011390581696405
0.3465351366167907
0.3453483230745731
0.35491418990364343
0.3097071119629221
0.2932879028839649
0.3539697891168771
0.2930172581645577
0.3485047321194056
0.3387474035133553