0.024430363149891
0.06585095128509999
0.09031251922678799
0.11204847338974086
0.16507734986706474
0.14531639008922542
0.16722736834933916
0.19138561731201784
0.22156936360337012
0.2085964942555903
0.21572075936714175
0.22262453345093206
0.1920842573366357
0.23369146426061893
0.19915123608923088
0.26481634551147
0.2530137110938663
0.29410564995194316
0.28554945600702447
0.2728354528683061
0.29297500976668883
0.28209573829713896
0.2252040957429241
0.27971066824208046
0.31132549188848074
0.31610367154967106
0.3329884555525423
0.29949653647232255
0.3189484131894157
0.2743692597309586
0.2970256405237345
0.27004787778551337
0.29910441161123097
0.3150058108186665
0.31976097242076
0.3149798257269642
0.33842901879985504
0.26377472604239427
0.3479315738928328
0.34758597073430475
0.2888488161042989
0.3517952794435955
0.3463394595096361
0.30534739892864804
0.35192244325067357
0.32759447921176804
0.3593232467822297
0.3616498725664443
0.3247311824912428
0.32342855702078566
0.3375778181799192
0.29728400457096466
0.3352177088977778
0.320302881500109
0.36919455797997536
0.36214637002842176
0.32946830158785023
0.36741338786025896
0.3480098816555308
0.36491365567941814
0.3505773413969232
0.31593056051313856
0.3539234814167755
0.3628254048105538
0.3721708512195169
0.34509617879531296
0.36921012632925515
0.3361303460037913
0.3190841622869387
0.3383046680589135
0.37930408293235596
0.38149933902642186
0.3529249529788723
0.3545602459246899
0.3491057569146832
0.38037028732430966
0.30098069876550826
0.36424524307108597
0.37116068604099367
0.3538588060762238
0.36096485930068933
0.2991094267351917
0.35684296394194825
0.3078748451560328
0.3597817415131328
0.37153158864316205
0.2877243063868845
0.34679803039829493
0.34539154448983433
0.376895866612026
0.370514006198227
0.36145855093117524
0.37447228385954523
0.37236422287867343
0.35309547288024035
0.3793230856701599
0.37555595139126813
0.31216016590959395
0.3705385155150871
0.36538062756484413
