0.02158631399680857
0.04912949422038671
0.09930498676110495
0.07221359084100393
0.11020181108366184
0.1358601851136893
0.15963644894637308
0.1421699557388373
0.20090807239862518
0.23621686816370946
0.23192910830424812
0.2365176958452586
0.2253687151094389
0.24747894030377107
0.2996253271793266
0.21890395210256047
0.28941046661260833
0.2516186092081113
0.23115963179018223
0.2964670298713133
0.20497953272626204
0.2537624039867299
0.31074428764670076
0.24482077024891546
0.35518222244189357
0.3002983319236455
0.25734669508370533
0.2904199264784035
0.31751107751445456
0.256897733508592
0.3382952172458703
0.37097608730637066
0.37214296041626616
0.3545985947025591
0.29461628476775886
0.3125176744483198
0.35342775140450305
0.34694376722715126
0.33451088281752017
0.3477570789729883
0.33267731155335917
0.34962633373227875
0.2432275699081075
0.39022886035122406
0.3608571695304553
0.33213981798421777
0.3832749187930411
0.36401656994670506
0.24762788758354037
0.3474023491690874
