0.005811813645193696
0.06176540376869645
0.08995578591243861
0.09510552221370853
0.11589227888593565
0.14480269426988207
0.12503568819584515
0.21625200546437848
0.14087385189844065
0.19156628177891472
0.21600789736711629
0.22328228302764253
0.23509561321773892
0.17539091648868493
0.16420850834437128
0.20147935357583385
0.2489482401750294
0.2755051643866861
0.274231578895497
0.24381987775914146
0.22012530886258586
0.2475227298440838
0.28767318356977745
0.2973374965676842
0.2952143314622152
0.2809334603548507
0.2594002807664193
0.2874107251070585
0.2708244008398297
0.30217788793255645
0.26188216260877684
0.26255516579226335
0.3004481782732372
0.3456453594150275
0.2685919764934811
0.2514564691908354
0.31366790635819436
0.32265950065865423
0.2738626933314022
0.32878861160194783
0.3133755857621112
0.29116137086811056
0.2883846482026158
0.36292465269831425
0.2914845947100071
0.3301088251968015
0.3632575662120239
0.325444467002593
0.38199074677779943
0.37631621658165926
0.3336940243648986
0.37423723799395275
0.3596790063628559
0.3248278202943351
0.3593227172845311
0.3244430429431482
0.35619304266068497
0.3556499940579272
0.30512543413518306
0.27907506014220407
0.29256858511220163
0.37013856286110436
0.35729029786208005
0.351137016649695
0.36780917292615734
0.33063246260054524
0.2858165761244651
0.3173270227391826
0.29826968214043603
0.38342699612905895
0.3129778422032151
0.31628137963084213
0.3735173675171938
0.34859376291013566
0.3828584232575262
0.36709402605756125
0.3662427267683944
0.35838462976901486
0.31519708183579226
0.33542241740915124
0.3866663392839761
0.31434311856929453
0.32471257111620877
0.3504265960910067
0.32819903524825894
0.3244290661345535
0.36062442128801286
0.3446488229515786
0.34267498261059737
0.3483107231727741
0.35151029165135417
0.35441165711862854
0.3790359285332956
0.4053989801380495
0.3635765173164708
0.3300535240770932
0.38756822883841
0.35063429830315707
0.3334754962083007
0.34640421390998427