0.005430998343056828
0.0099704642247361
0.019503554997008097
0.04072682648248382
0.04195610468769607
0.06605842513824169
0.04282767406753056
0.06570907767581485
0.07602241197399204
0.07436863650475668
0.07773670542441695
0.08393245848065255
0.059771602634698995
0.1147236106556011
0.08098767171104346
0.09654580519359685
0.15271680161609802
0.08357578481995258
0.14908416622661702
0.14634020136547238
0.11920316268067889
0.15721052758186804
0.16749665506931483
0.13953929454598463
0.1646109478929415
0.10143321139172307
0.17099542064132534
0.17632826894527998
0.15742524906673094
0.12992751085829626
0.1629166527619853
0.16438386955485296
0.15833734623569315
0.18825282132738647
0.14834938079674975
0.19632327172949787
0.20689434811723473
0.20166381484875656
0.18840811447822586
0.1284519105331916
0.19304581084829955
0.2141980449689463
0.23335854267524112
0.1902075686078921
0.2289909971374242
0.19335297738339602
0.18491751636057047
0.21428143327398805
0.19231366611848472
0.21141226427993376
0.2502621179811928
0.2416205774450438
0.21734417509767018
0.18939106697251262
0.18713679018046403
0.23880720018489862
0.1950753612917429
0.1960539006809714
0.24120865973806338
0.20433269132942564
0.19230735318535494
0.1857037688175044
0.18661801575456652
0.20708831859313728
0.1881302502585492
0.1979464052750127
0.19861312367330397
0.24582024015630471
0.2380467433318607
0.20833771985767177
0.24266447042109626
0.23508070273447002
0.23334861306825444
0.16810134749549527
0.23730590575740346
0.2257264517016131
0.23129470667310245
0.24121500414929206
0.16800585465790163
0.19112136242914998
0.21331125169962833
0.1946022755938167
0.18485205790009313
0.24117542761849373
0.21302046502253422
0.2467247321443244
0.23961426536819097
0.2459966057330644
0.23757773417250433
0.2351776263146856
0.2202804392933332
0.22216742500465653
0.2019868237680466
0.1818216484768977
0.21710298495093033
0.23503975903082075
0.20330498989211154
0.24122142132305407
0.18109301850165582
0.23593960068800274
