9.708185195922852
8.931649208068848
7.697726726531982
8.002367973327637
6.81686544418335
7.391202449798584
3.1093921661376953
7.482539176940918
5.953915119171143
6.9275641441345215
5.460861682891846
3.7501049041748047
6.792951583862305
3.9489569664001465
7.575121879577637
3.4618282318115234
3.6341938972473145
7.419101715087891
2.211606025695801
3.1550354957580566
5.491049766540527
3.386442184448242
3.662709951400757
3.371577262878418
4.243727207183838
3.11991548538208
3.1870932579040527
3.5099563598632812
3.499809741973877
3.0034022331237793
3.719099521636963
2.9715230464935303
3.0650086402893066
1.8756128549575806
2.7205569744110107
2.7302207946777344
2.019462823867798
2.637188196182251
2.4523890018463135
1.9119138717651367
1.1620569229125977
1.773169994354248
1.0996757745742798
2.532055616378784
1.4288370609283447
1.368148684501648
2.8716864585876465
1.850073218345642
1.5964056253433228
1.1488233804702759
