0.00492162220796059
0.017601565896082152
0.018484624973285894
0.045779809561448115
0.057901378339490384
0.053471238492541685
0.06483931856440203
0.06511234563962327
0.09513374215635978
0.08276484077152035
0.07890285983284834
0.08417167647626739
0.1072339272920666
0.1402878860815106
0.14497422948724908
0.15275943874063175
0.133963382568099
0.1675018115143655
0.13924154857752283
0.1275752217414706
0.1510820327212749
0.13542159043026908
0.1334062905857088
0.19427781414821324
0.18385182431312294
0.18945446712634578
0.14623013233614413
0.16305354617228124
0.13664171558067273
0.17741136698930085
0.1857954050950995
0.16480526805304888
0.1832746379070475
0.17356757813066698
0.1917236522041419
0.190650567404353
0.20042216624956188
0.2227175505144684
0.22180138641231134
0.20404702806148223
0.196693362863290
0.18340747324837195
0.20587071262251727
0.2143262462710726
0.19666198284182612
0.2373864648862764
0.21395515544986485
0.19916447089524325
0.1844983129879251
0.1792691842775144
0.2069828552250157
0.23270796172434116
0.2286395841014402
0.2148430115708046
0.24023514538143365
0.21254257939761445
0.24123804625805173
0.22947088093989373
0.17969607872677712
0.2393955257616417
0.2523318084878117
0.21659212938913724
0.23875011484712
0.24047448576569574
0.2578702809898287
0.20510736870465612
0.24982875511805044
0.22572200990082453
0.2329310992646495
0.23280052421842384
0.23184582809948562
0.19928790218453943
0.2449607927857831