[21.10927220844087, 0.2576610478971686, 0.18907176934182643, 2.4434411248706636, 2.0070111864663307, 15.152465858005343, 1.0596211944023768, 0.09816068487567091, 0.012300333139146608, 0.11217795190671054]
[9.437316849799384, 0.24394963224728902, 0.1398891759025199, 1.283202952359404, 0.9011084502651578, 6.073193749927339, 0.795972879741873, 0.28566475679831826, 0.058816735214065975, 0.2551417871552801]
[7.847241489546639, 0.22940245330333708, 0.1171178465176906, 1.0675538047722408, 0.7549494227199327, 4.975544108890352, 0.7026738424528213, 0.38446610046521057, 0.1040092699803294, 0.2985114620129267]
[7.036864462807065, 0.22222923570445605, 0.10384064396932012, 0.9622971294820308, 0.673626750445082, 4.427929418995267, 0.6469412705089365, 0.44009696073002263, 0.1375588251543896, 0.3265700899797774]
[6.587803093592326, 0.216265673914126, 0.09653901517391204, 0.9226114518443743, 0.6465383260803563, 4.112269539946602, 0.5935790951266176, 0.4785976619096029, 0.16364339916301623, 0.3496786261030606]
[6.120706876800174, 0.21213720935086408, 0.09192319787151756, 0.8407334851934797, 0.5910092450536433, 3.8560760548001243, 0.5288276797462077, 0.5150517390739344, 0.18670007858011486, 0.3654215425631354]
[5.756011356853303, 0.20297773954768975, 0.08348589351578128, 0.8038471700463976, 0.5527847969106265, 3.625443790186019, 0.48747196325234005, 0.5484850450735242, 0.21909668508621438, 0.3823487446090532]
[5.583449497109368, 0.1971728940308094, 0.08019922789186239, 0.7923655276922953, 0.5465089762920425, 3.497018326918284, 0.47018454798275516, 0.5636832794688998, 0.2330118641635726, 0.40298428280485976]
[5.446847065403348, 0.19262447861333687, 0.07720326199240628, 0.7702339548440207, 0.535872099250555, 3.424463137104398, 0.44645013061307726, 0.5766399649968226, 0.25175983876699487, 0.41111737861046704]
[5.132619886057717, 0.18396754335434665, 0.07551132581773258, 0.7295279485413007, 0.5030830635201363, 3.224757134233202, 0.4157728715311913, 0.6053545723074952, 0.27877679614084133, 0.421407310442319]
[5.001890223480406, 0.1773576273272435, 0.07219989437876004, 0.7198974109689394, 0.48130625181964465, 3.14710607165382, 0.40402296280044886, 0.6162828458680043, 0.2950909624639013, 0.4366391751595909]
[4.836083367097945, 0.1727176688930818, 0.06920419337050546, 0.6956248734536625, 0.4739169935456344, 3.036854034491948, 0.387765600848056, 0.6333447258623823, 0.3135272514630878, 0.44594125484663344]
[4.783333155995323, 0.16874083454055447, 0.06779643723208989, 0.6980184531353769, 0.47081871342800913, 2.9983543375560218, 0.37960437705651634, 0.6425486661517429, 0.32027653385249416, 0.4559460036054491]
[4.637996441977364, 0.1633221110843477, 0.06740597513548675, 0.6711327293657121, 0.4508088269474961, 2.91631896234694, 0.369007834763754, 0.6499481281023177, 0.33286379776303715, 0.4615493105801325]
[4.722011503605615, 0.1643146353427853, 0.06487436243643363, 0.6964440706514177, 0.480648130909318, 2.948111497220539, 0.36761881162368115, 0.6460426135857901, 0.33042193314858864, 0.47586279185045327]
[4.36487630321866, 0.15463562728393646, 0.06343618925306059, 0.6346142632265885, 0.4289137060337123, 2.7450860716047742, 0.33819044578997864, 0.6780262800057733, 0.36386490831299423, 0.47543640655184527]
[4.40436056568509, 0.1544102809968449, 0.062097308094657605, 0.654086368452935, 0.44277318353809064, 2.7499020282995135, 0.34109139779671316, 0.6734680306343804, 0.36539215624332433, 0.48441360791524285]
[4.210502388590858, 0.15117801873456865, 0.06131110806461601, 0.6200145465561322, 0.42699664383771874, 2.6266808034692493, 0.32432125953336555, 0.6893979522538566, 0.3778525391031824, 0.4901578498548927]
[4.263892279238928, 0.15110645844645443, 0.06052516793566091, 0.6368519605341412, 0.4322774361570676, 2.6557845657212393, 0.3273466879705943, 0.6845781741634244, 0.37308390466466784, 0.49407791527490785]
[4.141965334415436, 0.1485934921779803, 0.05829277028994901, 0.613965381887697, 0.4157240266246455, 2.5877704679965974, 0.3176191909628965, 0.6942203559572738, 0.39238119880358413, 0.5031486104452423]
[4.026364383924575, 0.14536676048877695, 0.05727031685323233, 0.5988062400690147, 0.40511051150304933, 2.518349870556877, 0.30146068059262776, 0.7039136224322851, 0.4052002284025393, 0.50478898686549]
[4.034466804436275, 0.14444002936638536, 0.05638991448052582, 0.6083173361207758, 0.4146652390453078, 2.5058945401509605, 0.3047597420393001, 0.7043304742517925, 0.4014911559082212, 0.5112435434451176]
[3.9788987446966626, 0.14325125992652915, 0.05739518903062812, 0.5902519943458694, 0.40314656415510747, 2.4853432966981615, 0.2995104344606045, 0.7061688916266907, 0.40798540325391847, 0.5095199832367522]
[3.820355518829255, 0.14035892520277274, 0.05546230307336719, 0.574785216287488, 0.38605315892824105, 2.374915256329945, 0.2887806545517274, 0.7211368774421633, 0.4226601927999466, 0.517074335113404]
[3.7945094371977306, 0.13873155631479764, 0.054999763329646414, 0.5780550498125099, 0.3908545014723426, 2.3458698958442326, 0.2859986673490632, 0.7224905329469646, 0.42744319565712485, 0.5188041768849841]
[3.771098789260501, 0.13837589180540472, 0.05320834296400703, 0.5783935929834843, 0.3825698463051092, 2.335599392198381, 0.2829517242223734, 0.7230864584445958, 0.43105422229047785, 0.5267614188553795]
[3.749163299515134, 0.13737911809767994, 0.05290592179722375, 0.5753665195902189, 0.3859568185536634, 2.316195315236137, 0.2813596096652604, 0.7248018154454613, 0.434539516861476, 0.5256374557150735]
[3.6236559858776274, 0.13499365005996966, 0.051913521979004146, 0.5539253488821643, 0.36948035955783864, 2.2446875332650684, 0.2686555741727352, 0.7345424063054341, 0.4407835324747223, 0.5321728333688923]
[3.5805344924472626, 0.13378039179103715, 0.05103848460662578, 0.5484947318087021, 0.3721409923583269, 2.2143507256962005, 0.26072916833506454, 0.7394608116906789, 0.4494407897336144, 0.5378750389341322]
[3.4721671874182567, 0.13275822547220048, 0.0513053353077599, 0.5339045828084151, 0.3523984860806238, 2.143732912710735, 0.25806764165560403, 0.7464609749165794, 0.45631265807719473, 0.5363172204721544]
[3.3778502094745635, 0.13001210252443948, 0.050569899985566734, 0.5128592937617075, 0.3445619064746868, 2.09327355997903, 0.2465734455880842, 0.7544228213930882, 0.46722310763502894, 0.5366095678768461]
[3.486585319666635, 0.1321854896488644, 0.04986757191696337, 0.5506208624584334, 0.3622528116227616, 2.1412380240077065, 0.25042056247503275, 0.7475644262820953, 0.45559635514304747, 0.5494057740957012]
[3.444307393119449, 0.13079733124623696, 0.04960643194349749, 0.5416814807908875, 0.3602924852037714, 2.11322567264239, 0.24870399049350195, 0.7494501570292884, 0.4608952482068348, 0.5478375583697874]
[3.3149841631594157, 0.12804296243758428, 0.048935114655288915, 0.5195562384242103, 0.3456870100576253, 2.0300094995044526, 0.24275333931137408, 0.7572227750316497, 0.4742779032010877, 0.5501747598345318]
[3.3132023229485466, 0.12725316572047415, 0.04862645578792407, 0.5150149063766003, 0.34983458076914153, 2.0402267625218347, 0.23224645399178068, 0.76059706578179, 0.4778236175434926, 0.551435578200552]
[3.2596891060897284, 0.1275093148134294, 0.04750140183073069, 0.5166591477748893, 0.3427143315474192, 1.9903703905854906, 0.23493451455874104, 0.7626376866348206, 0.478001329728535, 0.5592216561427189]
[3.286917067879722, 0.12733022828719445, 0.047718875219690655, 0.5199322902517659, 0.3474395931795949, 2.0045467755340396, 0.23994931233470285, 0.7605019952948131, 0.4756985068510448, 0.5602853340951223]
[3.228069844586509, 0.12550870222882146, 0.04765009978165229, 0.5106853331057798, 0.344596018510915, 1.9703147463003794, 0.22931494156386525, 0.7650723852997737, 0.48165564350665546, 0.5609982940980366]
[3.069081142970494, 0.12420255023986101, 0.04724847848571482, 0.48868037961068606, 0.3277240137684913, 1.8643363803908939, 0.21688934338190372, 0.7765946737357544, 0.49342241811373894, 0.5667457527962946]
[3.033512066262109, 0.12284115452141989, 0.04568105228777443, 0.4886065605424699, 0.3240093762604963, 1.8337266378175645, 0.21864728481331397, 0.7789208418036262, 0.4952815129264951, 0.571443355253764]
[3.0158186551502775, 0.12240863556485801, 0.04567504870860527, 0.4868682572103682, 0.3221141131541559, 1.8229225040333612, 0.21583009056658262, 0.779922560150661, 0.5034612560934494, 0.5698469967785339]
[2.9715946269603, 0.1215452250625406, 0.04502795879817789, 0.4791753751997437, 0.31901332067237015, 1.7988958340883254, 0.20793691674779569, 0.785069112853398, 0.5056167193632277, 0.5738822161867501]
[2.9381980685393017, 0.12123851895864521, 0.04396725599188358, 0.4764570678628626, 0.31436809808015825, 1.7731195841232936, 0.20904754107341258, 0.7866641718243794, 0.5098426349957784, 0.5803434554357381]
[3.081190555890401, 0.1236194152704307, 0.043386577647622854, 0.5142951531211535, 0.34031427013377347, 1.8431770474286306, 0.21639809030662513, 0.7756323458656433, 0.49160077755413384, 0.5893105311620804]
[2.9208234289714268, 0.11992433971769753, 0.04438628964392202, 0.47424121752381326, 0.31388132631423926, 1.7639704739479791, 0.2044197806077344, 0.7874761989760017, 0.5072651176887851, 0.5843092919342097]
[2.7972962185314723, 0.1173240569553205, 0.04341315713711083, 0.4608519224822521, 0.302402750672329, 1.674801318617094, 0.1985030123396289, 0.7967138349442259, 0.5200150230195791, 0.5892430196489612]
[2.7421242896148135, 0.11724235787455525, 0.04327579814364158, 0.4421442543005659, 0.30264394436208975, 1.6500643984476726, 0.18675353384122165, 0.8015432656757413, 0.5285037750289554, 0.5833221574813596]
[2.664069828930355, 0.11628405670147567, 0.04212592146625476, 0.4381149234622717, 0.29682555087975093, 1.58352867154848, 0.18719070424192719, 0.8061548176265895, 0.5305461920064586, 0.5949749512994104]
[2.6717502400988624, 0.11528647974665676, 0.041549380392811835, 0.4452267404929513, 0.29346590716037013, 1.5882711912620635, 0.1879505396745212, 0.8069833145065906, 0.5306044602961768, 0.5975138434720423]
[2.7644781307947066, 0.11609562885548387, 0.04187678597690094, 0.46398322430394945, 0.3111500061906519, 1.6374078608694531, 0.193964626221208, 0.7988315530050369, 0.5216915442262379, 0.6047486186879026]
[2.701036346043859, 0.11767430857710895, 0.04042235949520199, 0.4561642627666394, 0.3004226949491671, 1.6014682124767985, 0.1848845091487636, 0.8047719200452167, 0.5281799845846875, 0.6100460821863201]
[2.2783498089654106, 0.10771752255658308, 0.037674285475430745, 0.39446722618880725, 0.2619462216645479, 1.3223478666941324, 0.15419668702785636, 0.8359774798438665, 0.5719104343747335, 0.6307612691228351]
[2.061921785161609, 0.10353110182320788, 0.0357630253354797, 0.3597127695807389, 0.2388463999206821, 1.1874533039615267, 0.13661518355266059, 0.8493708972703833, 0.5942200595613513, 0.6387370326405475]
[1.9956888794047491, 0.1030083909683994, 0.03460477968500483, 0.359275699992265, 0.23436469922817887, 1.1282862277825674, 0.13614908064205555, 0.8545227027317841, 0.5960143889131994, 0.6520110638557916]
[1.9869036828336262, 0.1032577165641955, 0.034399871844133095, 0.37009156981039615, 0.24215584627042214, 1.102346577445666, 0.13465210217771875, 0.8550676840827579, 0.5960687156707519, 0.6600271574466946]
[1.9403847044990177, 0.10185763976492343, 0.034417745193821334, 0.3549687076005198, 0.2391867290650095, 1.0777396621022906, 0.1322142205778731, 0.8578341900356236, 0.5986422755037041, 0.663616920179791]
[1.880719010404178, 0.10040572324945103, 0.03465502807914856, 0.34436449776093164, 0.22866856736086663, 1.0479726324265912, 0.12465256378098967, 0.8635688255703635, 0.6076065549774776, 0.6555482914712697]
[1.8501408467122487, 0.10138034908012265, 0.03384982696290882, 0.35424981793122634, 0.2272249298170209, 1.0066515846905255, 0.12678433850285642, 0.8632616507060946, 0.6060381965977804, 0.6668195563649371]
[1.8419969881432396, 0.099845726278034, 0.033892319750572955, 0.3469588365973461, 0.23145816394438345, 1.00539124950057, 0.12445069388907758, 0.8643606795205008, 0.608132215813985, 0.6704085298190039]
[1.7888840124436787, 0.09907454556031596, 0.033376716149837844, 0.34228232244650525, 0.22652913417312362, 0.9692822203607786, 0.11833907381720131, 0.8698047175104653, 0.6127958559233047, 0.6707956644277728]
[1.7419730183624087, 0.09884601786200489, 0.03351810017667178, 0.326919457032567, 0.21713992954542238, 0.9507352925482251, 0.11481422106879542, 0.8731067511392013, 0.6210095118908658, 0.6678863574209667]
[1.7202026292539778, 0.0980989690994223, 0.03234805126630125, 0.3327200423890636, 0.2183448153947081, 0.923124344398578, 0.11556640642817088, 0.8742928695300267, 0.6186964304295793, 0.6852159650363623]
[1.7106983189071927, 0.09902666488218875, 0.032602731858468834, 0.33434727156091304, 0.21807811497400204, 0.9102938540208907, 0.11634968408239296, 0.8738919304666065, 0.6169814550498173, 0.6810194339449442]
[1.7135830343337286, 0.09878010538894506, 0.0323616401008552, 0.32887491879718644, 0.22212641023809002, 0.9155970844626427, 0.11584287855463724, 0.8726332138076653, 0.6197512915210116, 0.6813886612369903]
[1.6547024475392842, 0.09745971571033199, 0.032736083726354295, 0.3203327898752122, 0.21366412144331706, 0.8817626136115619, 0.10874712406873836, 0.8794258902186439, 0.6252135278875868, 0.684153172250778]
[1.6638119836364473, 0.09807451938944203, 0.03244864163277227, 0.33700724825263023, 0.22473554348661787, 0.8570425026402587, 0.11450352756810996, 0.8755410494880066, 0.6169743005245446, 0.6958797894394585]
[1.6543044172866004, 0.09700802903444994, 0.032019034453357256, 0.3264383451676085, 0.21439049226187523, 0.873574538060597, 0.11087397779532088, 0.8782569298668508, 0.6230089327456451, 0.6886304032802582]
[1.5829805057389394, 0.09570553791753593, 0.03198085806864713, 0.31713620518644653, 0.20754497845080636, 0.8271022238901683, 0.10351070116978095, 0.8840795064729359, 0.6314640879441822, 0.6874154835277134]
[1.6173644624721437, 0.09641243544185446, 0.03224106867243314, 0.3249365351632947, 0.21569029949073282, 0.8387031018450146, 0.10938102326976756, 0.8803181645983738, 0.6252253452558364, 0.6956187100069866]
[1.5865828746557236, 0.09691626221118939, 0.031993960655471755, 0.3234711658883662, 0.21536881489767914, 0.8148821901494548, 0.10395048145005213, 0.8834209749812176, 0.6269603736249226, 0.69757605656745]
[1.5848222857997531, 0.09720050462477264, 0.03141389228880317, 0.32594278368566715, 0.21863750816810698, 0.8051781789461772, 0.10644941736472815, 0.8821903072841578, 0.6255793109394252, 0.7042236130010511]
[1.5345317610104878, 0.0957881144150382, 0.03161527579007227, 0.31922010630723974, 0.21324218203446696, 0.7705129893407935, 0.10415309244339975, 0.8853077215618561, 0.6284551861172633, 0.7077072479611347]
[1.5104972358260835, 0.09548119082958216, 0.03137128587058258, 0.3162796133401848, 0.21029580689079705, 0.7529448557680561, 0.10412448068451513, 0.8870266621831869, 0.6302741291220224, 0.7083121837510006]
[1.4876894143365678, 0.09538121774703974, 0.03083385888320793, 0.30982373442323435, 0.20969902533683038, 0.7426610570436433, 0.09929052038722494, 0.8888691037041799, 0.63224804108105, 0.709488695197635]
[1.442834109777496, 0.09499832113051698, 0.03131847565261913, 0.3029615718161776, 0.20282954434021597, 0.7148276364235651, 0.09589856123058348, 0.8934771014773646, 0.6382563334608841, 0.7076452755928045]
[1.4744403262649264, 0.09516621354789961, 0.03115520145544516, 0.31024490276972455, 0.20314094676503114, 0.7351484999273504, 0.09958456262036981, 0.8884613149885141, 0.6347318757526461, 0.7097584631140272]
[1.4364755642414093, 0.09334334196700227, 0.03112799802706355, 0.3019895218596572, 0.20229660947940178, 0.711097937648495, 0.09662015558913395, 0.8923883358637495, 0.6385937478618018, 0.7097207897428484]
[1.4789017484301612, 0.09494766849847067, 0.03096462554475736, 0.3118203410896517, 0.2121498940175488, 0.7278412078782206, 0.1011780087782314, 0.8902562797637215, 0.6327256853996764, 0.7155827581314816]
[1.4606337291853768, 0.0950799949981627, 0.03115538355073936, 0.31111060708406424, 0.21047032737660976, 0.7152668900823309, 0.097550525506404, 0.8900588354988705, 0.6348507456363195, 0.7168796714714591]
[1.396910777801559, 0.09327867858111859, 0.03059976148995615, 0.29275628558936573, 0.19853083463119608, 0.6919756738983449, 0.08976954226423654, 0.8968638247535342, 0.6441492189112169, 0.7151272074949173]
[1.3970368858462288, 0.09296755293118102, 0.030192665950217773, 0.29776192949996105, 0.1993729494281468, 0.684202901777767, 0.09253888727284945, 0.8964833323539253, 0.6432191073326835, 0.722134554878114]
[1.353208670814832, 0.091549798602327, 0.030428731430632374, 0.29543963216599967, 0.1993010194102923, 0.6469725358911923, 0.08951695298410153, 0.8998666730002753, 0.64429576279625, 0.7270891678711724]
[1.339551395461673, 0.09238200847591672, 0.03042489572627736, 0.293018032929727, 0.19704294700707708, 0.6369924633063021, 0.08969104929245077, 0.8980289783175028, 0.6450560340616437, 0.7248929777031848]
[1.3256871392897198, 0.09216541975647921, 0.030202301049250223, 0.2903095129664455, 0.19437276712840512, 0.6336513571618568, 0.08498578180649063, 0.9001935312483037, 0.6482517787388391, 0.7270285763627015]
[1.345680922723952, 0.0917246729516912, 0.030192778506316246, 0.2957384527474642, 0.1968643898197583, 0.6439893566958961, 0.08717127370666103, 0.9011369301023943, 0.6478671455761744, 0.7264830175089462]
[1.2967434561252593, 0.09209253519241299, 0.030517387920325358, 0.2838780025853997, 0.19304771400278523, 0.6111734496695654, 0.08603436514297279, 0.9034040666004973, 0.6513399191886664, 0.727214000395366]
[1.2771627048367546, 0.09070468227423373, 0.030390527774801567, 0.281933841510188, 0.19014069405162617, 0.5997449829198774, 0.08424797757096322, 0.9045096748594253, 0.654110226517632, 0.7304865917705348]
[1.3174376773834229, 0.0932833110345971, 0.029949113723289754, 0.2986091635695526, 0.19643345720179023, 0.6117612774421771, 0.08740135656192988, 0.8987960082387167, 0.6437881267070772, 0.7369942607576887]
[1.2712608176753635, 0.09107015959031525, 0.02996151813727227, 0.28061609129465764, 0.1904407514809143, 0.5964948286648307, 0.08267746845659747, 0.9051054539756169, 0.6524083981059843, 0.732077873699249]
[1.2660187241576968, 0.09251070597519477, 0.030430512075046344, 0.29171991637420086, 0.1956471649770226, 0.5723014160529488, 0.08340900698380123, 0.9030594543426755, 0.6478541791060614, 0.7410459469424352]
[1.2968528851157144, 0.09188468022183294, 0.03044436072132417, 0.2920336730387949, 0.19570173937649954, 0.6026051961790239, 0.08418323735398839, 0.9032226940563746, 0.6488760567468311, 0.7322860881638907]
[1.2427003035091218, 0.09012464877395403, 0.02972308552713089, 0.2829413565567562, 0.19216252892499877, 0.5668760266208223, 0.08087265757038646, 0.905542050240532, 0.655272495424936, 0.7401242023044171]
[1.2365363530317943, 0.0909302029208768, 0.029511583192894857, 0.28292829630985145, 0.1941310727223754, 0.5597982353734828, 0.07923696304449723, 0.9057014551238394, 0.6522486022162053, 0.7460041753072594]
[1.2315202919074468, 0.09242142954929954, 0.029418871887471703, 0.2885417786222838, 0.19713286717555353, 0.5422794966860897, 0.08172584709018424, 0.9047428490623598, 0.6498745224589397, 0.7456946359361923]
[1.2338079605499903, 0.09156309355759905, 0.029449803788170574, 0.28463283795331207, 0.19625119044844594, 0.5487073946070103, 0.08320364125577423, 0.9058162442843114, 0.6502691180554653, 0.7511902302787422]
[1.1886768929163616, 0.08897657562756822, 0.03024066687140259, 0.2742075575639804, 0.18461696612693015, 0.5337083960821232, 0.07692673046036534, 0.9100656250923393, 0.6610090107198745, 0.7410408653342531]
[1.1961555662893113, 0.09033087347057604, 0.029880385690235666, 0.28121280209294386, 0.19276167162827082, 0.5249990322609388, 0.07697080114950604, 0.9079565234789773, 0.6566009394517015, 0.7496309819297181]
[1.1623662528963317, 0.09006111521894733, 0.029356465060929104, 0.2704681555501052, 0.18822303222403639, 0.5091389832636785, 0.07511850181506902, 0.9107806871050886, 0.6613303915091924, 0.7490255248546607]
[1.1424358251265117, 0.08820848107337952, 0.02981794211880437, 0.2694531569133202, 0.18185933016240596, 0.5001443257848067, 0.07295258950805181, 0.913419197741009, 0.6623838834913941, 0.747835102497585]
[1.1666403000979197, 0.09087347722479275, 0.02915242616264593, 0.2765712853237277, 0.18667714389484552, 0.5073781036292868, 0.07598786391114118, 0.908842480485402, 0.6535653835251216, 0.7540402936746207]
