10.305815696716309
6.822101593017578
6.88518762588501
6.595168113708496
6.4432477951049805
7.313718318939209
5.214923858642578
5.690580368041992
5.670733451843262
4.3754167556762695
6.054262161254883
6.614011764526367
5.187064170837402
5.044455528259277
4.479506492614746
4.936861515045166
2.044736623764038
4.871580123901367
3.8337624073028564
3.303187608718872
3.234462261199951
4.854953765869141
4.442626953125
4.0620012283325195
3.963517665863037
2.524686336517334
3.620048999786377
4.106374263763428
3.6218175888061523
2.691821813583374
2.9693500995635986
2.783526659011841
2.5054149627685547
2.1631691455841064
3.172600269317627
3.679002046585083
2.5494565963745117
2.9266574382781982
2.369917392730713
2.3031861782073975
3.6446738243103027
3.2368814945220947
2.64874267578125
3.64772367477417
2.1616110801696777
4.6056437492370605
1.7036892175674438
1.514972448348999
3.470041275024414
2.5762529373168945
